-1
1
24
1
24
3
24
3
26
6
26
6
25
7
25
7
22
11
22
11
23
12
23
12
24
15
24
15
25
19
25
19
23
20
23
20
20
21
20
21
19
21
18
25
18
25
19
28
19
28
12
32
12
32
10
28
10
28
8
29
8
29
6
28
6
28
4
26
4
26
3
23
3
23
4
19
4
19
6
-10
-1
36
4
36
4
33
4
33
2
30
2
33
2
33
6
34
6
34
14
30
14
30
17
28
17
28
12
32
12
32
10
28
10
28
8
25
8
25
5
24
5
25
5
25
8
28
8
28
10
32
10
32
12
28
12
28
19
29
19
29
22
28
22
28
25
29
25
29
26
35
26
-10
-1
10
26
11
26
12
26
12
25
12
24
13
24
14
24
15
24
15
25
16
25
17
25
18
25
19
25
19
24
20
24
20
23
20
22
20
21
20
20
21
20
21
19
21
18
22
18
23
18
24
18
25
18
25
19
26
19
27
19
28
19
29
19
29
20
30
20
31
20
31
19
32
19
33
19
34
19
-10
-1
10
26
12
26
12
23
11
23
11
19
17
19
17
15
15
15
-10
-1
15
1
15
3
14
3
14
5
16
5
16
6
19
6
19
4
23
4
23
3
26
3
26
4
28
4
28
6
29
6
29
8
28
8
28
10
32
10
32
12
31
12
31
14
30
14
30
17
35
17
-10
-1
4
1
9
1
9
3
11
3
11
6
10
6
10
8
10
5
11
5
11
3
14
3
14
5
16
5
16
7
16
6
19
6
19
4
23
4
23
1
23
3
26
3
26
4
28
4
28
6
29
6
29
8
30
8
30
10
32
10
32
12
31
12
31
14
30
14
30
17
28
17
28
19
29
19
29
22
32
22
32
23
35
23
-10
-1
1
5
5
5
3
5
3
7
2
7
2
10
4
10
4
13
2
13
2
16
4
16
4
17
7
17
-10
-1
36
26
1
1
1
11
1
11
6
4
6
4
1
11
1
-10
1
14
9
14
9
14
18
20
18
20
9
-10
1
8
15
8
15
4
15
4
21
8
21
8
12
4
12
4
6
8
6
-10
1
26
6
26
6
26
21
-10
-1
12
6
12
6
14
6
14
3
14
6
22
6
20
6
20
3
20
6
12
6
-10
-1
35
2
35
2
35
25
37
25
37
23
35
23
35
21
37
21
37
19
35
19
35
16
37
16
37
14
37
11
35
11
35
8
37
8
37
6
35
6
35
4
37
4
37
2
35
2
-10
-1
12
21
12
21
14
21
14
24
14
21
20
21
20
24
20
21
22
21
-10
-1
17
13
17
13
-10
-1
3
26
3
26
11
26
11
21
29
21
29
26
32
26
32
1
29
1
29
6
26
6
26
12
23
12
23
9
14
9
14
12
11
12
11
9
8
9
8
12
1
12
1
10
2
10
2
6
1
6
1
0
-10
-1
20
15
20
15
20
18
25
18
25
19
28
19
28
12
32
12
28
12
28
19
25
19
25
18
21
18
21
20
20
20
20
24
19
24
19
25
15
25
15
24
12
24
12
26
-10
-1
