1
1
1
11
1
11
6
4
6
4
1
11
1
-10
1
14
9
14
9
14
18
20
18
20
9
-10
1
8
15
8
15
4
15
4
21
8
21
8
12
4
12
4
6
8
6
-10
1
26
6
26
6
26
21
-10
-1
12
6
12
6
14
6
14
3
14
6
22
6
20
6
20
3
20
6
12
6
-10
-1
35
2
35
2
35
25
37
25
37
23
35
23
35
21
37
21
37
19
35
19
35
16
37
16
37
14
37
11
35
11
35
8
37
8
37
6
35
6
35
4
37
4
37
2
35
2
-10
-1
12
21
12
21
14
21
14
24
14
21
20
21
20
24
20
21
22
21
-10
-1
3
26
3
26
11
26
11
21
29
21
29
26
32
26
32
1
29
1
29
6
26
6
26
12
23
12
23
9
14
9
14
12
11
12
11
9
8
9
8
12
1
12
1
10
2
10
2
6
1
6
1
0
-10