-1
1
24
1
24
3
24
3
26
6
26
6
25
7
25
7
22
11
22
11
23
12
23
12
24
15
24
15
25
19
25
19
23
20
23
20
20
21
20
21
19
21
18
25
18
25
19
28
19
28
12
32
12
32
10
28
10
28
8
29
8
29
6
28
6
28
4
26
4
26
3
23
3
23
4
19
4
19
6
-10
-1
36
4
36
4
33
4
33
2
30
2
33
2
33
6
34
6
34
14
30
14
30
17
28
17
28
12
32
12
32
10
28
10
28
8
25
8
25
5
24
5
25
5
25
8
28
8
28
10
32
10
32
12
28
12
28
19
29
19
29
22
28
22
28
25
29
25
29
26
35
26
-10